$ANSIBLE_VAULT;1.1;AES256
65333335396161333335663963333437393862653864663436323561303964393562626432623962
6663383231373333333836333762343638646461633362640a616534386637343738393037356239
39636563616162653939386235333337333936353132666636356537633730353866363838326461
6364313435323437330a656231633835623235353166366636333036313439303535636262343337
38623439646634303634386665613961653064313237643261383966663230333638633766656335
64336135373462383034616134326335343239663331636131306239313064333766643462343064
30376333303465326161343935656662396361313334626530313531353034336438646565313838
63363934363662323365326533666566633566653335346132336530666330633234666130373961
64643964373234353864643566633063663165353935323966373065353937303531326233316435
35306636336664393033663531393134396539613739366665343238643735623763326337376462
30623337373231383136623865333630343338356437333462376334363564653132313136326666
36613565636565613061616237303336343561313438343861616139656331326637356136323936
35343234396266353432643339333830363237396138303234306537323230666637383664376638
30643062383130376431613165643462376561653233613665306465313836653731343236656230
36313766616532663339663839643837626436623262366262306437646131633639316564366630
66363739396464383230613266333834643139653462373066643265643762373332356639633165
36623630323963363564663931626161636561383761623735623232636361313430643836396339
32383232656266656265323837646665643063323038336365646261383739343535626338353636
36633434613638666665626134303635646636333962623834393739373662373339626636393834
30623463336332346166383532353334393862646233653333616235663065666661356364333363
61313566323463656332366161336235613066363635636232323638316661663439663634653933
63643334386334373466623463316666336639373931313361653231373733336136316663366631
61393330363762366636633134653530303231336538616137346635306164346238333865626465
65373464323732356138613132303436376636333234363765353134333334353033326338663530
63653431336663336435303734653431323934356231343062373638383263393635666266633664
34613762653238613063376539653566353730396433303032326333336666663766376330393932
61336331656266636634643765663161393237396663646464313166636331363437393732336661
34663933326663623562313962643264333533653965373163633130323631333439383138313866
32323164663437366332363935356562643136626536356261353162366433316333643965313731
62333739626261323563326435653230313965333864633439383838323036373261653336646362
38366665313130633237383839383735346433646364663765613861376562666235643763313638
35346630343262333030623637656532623661303234653234333163363637356263643339343037
36333266363462323033396634343935343638366465636534383239363437303862303063363961
38353134303063353535383966363136393035663966383863323133303833613537373361613165
33356163616139376562393534376662613732653763386531343865316364303634383130633632
36306266656661643236643137303561343162333636633864333836643262343130363636323537
64363066346139396138643762646634336539643961393933383466666639343836383163636164
62633534316436306663393431633762633135393339623064373664633661623265613831383538
39323066353762383264643137323263616565303666306137626237313066623536383837363561
38643331613763623332353430376631613863366166373733376464613663623466303136376537
64353130326339306635343037383038383338306661396530333134616264646266616135373631
37333337396132623137643439383961313264333466343831336135333465643039373934373130
32646131663066336466323363656565656661343665366661303130376331333264616633326263
30336537383062373032636537643462636233653365363437353763343862346238653965663338
36643630383462636534643661356436356138356134316333303965666234383230396535383164
38323631373735643365653138383237343565336365633831326230343834306138366432356632
38663339343032356266396463376237373062366262356130353361343732393439623165363764
65346662306266363765613664663136333133356131633331633834666530396562346632346338
30343832663662356161663630336330303631616462643431663333626337323234393230333731
31343036663631373836636266376132313062393534636162616231643637666333323931393863
61626164396431663137313931616337393361373232623735383733326563626231333166393461
32623436313837643632346465376537316534306532633534336630666662666537336138336534
64663232643262306265386463613230336237373936393066343564643463666639396331333536
37643839303533336238346534386438643061653963626466363564613536316635323237636238
39353531343566653835346238396265393437643731633266626161333430643437666635353637
65643665333035373138323832616438643063356331653934303366656131633436353362666335
33653864306633373263326266646339353833373362313532633165363561383361386661626666
38366665646437386539323130323666363630663532636664623434383332343536626166666539
39363666663338653166633861616538633634626336303064363438303065383366393961626534
62393134393366336431646666326161323061633166663835333766323836343136613031336138
30313063356662393532323463333964306633363234646331653933633034306161323566373862
64373862656565383335336338363865366436623966616561366363353132373435373738633365
65373832336266396163306536303863303030313939653864303734316362666539663138653737
39326665336633396634333261653332663339653666383437623436376535663061383066323133
35343334373138373235393865633234623564303664303063383733346264303864373966373139
63336136323432383031326466353033393063326230636437313533343662393166663636356164
66633862646238336461346665316261326165643535306662356232323635643735353438386532
30653762383365336665393066313963643837643332313564396437636362653339366337613731
64653337363365613536633936653862653361313136393562356235333561333537643765333361
64613139613164323136346530383861306162383238386332383664616238353632643663326362
64343130616134326238396433343230386364303836623033326635613337333561333135303435
62643464323935313165303235323636313332623333373730333732633238353732373539656235
61626631613364383963386532333733636236313165333265633563653661613061313531663931
61313563313738343232656265383835393130656232653561376634613836343833306161356561
34353535333637306132623935363031323864383165303764373561613132383133373032663039
32383537313362306438333266383364373333396339383135393532616633633536356566353331
30303639663062653832656233663831373664393062333539346465623039663566623935646461
34303862376532363137353665613064393131346238363639386131626434333661623362393335
66643866636162353739333131616234373862316161613831326262303730613939643634353032
31636233643230626431616436336665346466303061376531303463373236663663333436343961
34643165626164323034616666343065633131633136346663303931313630336364316137356564
61643136333036346161373338303036613938333333656231646264343363356666303236633035
36663535386436323062323862396666386465333530663363383936363435303061636634353936
31663934373230363939666264386239393534653462313137623332633362356162363931663438
64663565383261343638613639363036643331343734663833303862343532383233383561623864
61616361386537633837353365373164396134646339393466376165363262393439306365663934
35316637306539353434633530393764353432643934663565663639643864623961333962323231
30313365373332623933373664613565353034623763643866623863643232363936333533613039
64336366633931356262323136306664643261303736386665343036646438376261326565353333
32373035633739643865636437633135333238626530646635363238396564336639616462353066
66386538346266373565353463323039633232343538656631353161376163643261303231326164
31366262303831333136653238653834303164363434656563343663313063666132363166616362
36333537323530613664623964393739663334333835346633633365326135613932373266336361
64396339393138326230656566613533656563333637353133613336356234336161666134623737
66643465646262656631386638663063633065303966313862653238363463386339343535626566
36326261333936393634616431333439333566343930383232643636613535303839653666323337
31653737386265313138323664626533646639643364386539646561356633363961356265653130
38366233613461316561396464386163373262383238623535306532376666633936356663313530
62623266303538613537666134343834356332643236636639306136353531613639306364666261
39303638646163303731336430336233373936383537323935616137346139313965653332343739
38616366313865363837616263616363346264326665623739373730633131616437646461623564
61373935303936663332613134363138346435663764643466643932626566353738646537313164
36653135626639383835313464623562336364633034666130323633396166363639616531323034
38383632303164306666643130363565653762363662363561313737653365653633363430323738
62646133656139326265363334343135306334323566363161393637323836643561353037626333
65323064313864336366663561343362313333636363386538383333636265663033386136383761
39323562636230336261363365643132393933363232353831303035633334353966636436343062
65646536383064396130306461653232623832353162303339383564336364636563363464323838
65636331636461323635626264663364376535376165646666323137303033613738363138313331
35356136306432363537356564343039323237356331396133353038626134616130356631353466
34363861313662643166306365636137633262373163326561393631353266373066333763396533
33613638623037393965343732633038356465666264663036623064353362313533653832616634
32353463363639303838663235383236336233663937383932663265383065396466386631343337
36373432616662383335323532336635636539376462396264623630636366336265383865383335
63323634323331613066653634333437346161386262333865346364633133393739343362626634
66663761316366613166653132653863353462653537326265306363396161653736393363356162
38336331343061653561363632376364643934313432663862623137633339663338356363303136
39323963353438306232623334356435366464346336306434366233373461656265383561333263
38316235303466353231316366393631363735653137613537333033373737373431353832393865
31623738623132323533643366663630616538313364333334623136393537303138323335653036
65303738323561383730313466366165326265313239346333346366313632313032353963343431
39356532656539636231393038386236383964666634623432356535373233623739336636336531
32663336316363333535653830383434343633626366306164306532653134346264356562306537
38666466306338636163363932316234353234346334346663616364383365373331656362613063
39326331656234643566626365343232333930623165336235383865333034633533393439323835
32653834376564383433613261366237333162346139626530383830306465336134623863333361
66353865313964613536373533333063386630396462383034633965333237313730313033303866
39306637323332396339626366373964313464623565356633333134613364313066666564323961
35666635393433303830623566303731386639656366613566343739633136313731343434656663
63326233643232643837336137366363646232313261633063333434356338363332613237396530
61623836393031626232323839363562303234333836313936616363336131643166616639313038
39666536383239663936613138383936363939323738316363396634346664633932343638623232
61663962363861656132333266616266646563666566666336323133643935633633653131356163
32616533646566653161346266643131313439623366666433366436326136356436326636393562
38653032313762653663623864623066366563663463373964366137333431643464623735356631
35313964376464633163623537363535366434353964353765663139383965323738653738313636
61323466353937626438316339393633656434663531316164653739366134643539376261633238
35393239326533373136643131313661643961343237333034356230613032376437313462616234
65393263396563313839633062623634366661653366346264316633373739343530366131666334
34663565306262373964393366353063333165666132636663306366326330383533353832383138
61633330636432333935626464633363656663353866636131393538623563643862363938613661
35333433643061346632343037663165376366303166363362333565623635313965323433303835
36653261353738383039663938316631396237323461666535333062646465393663366464656664
30663138343631353739356337303665333639373238353231356438653335336261613338613033
33386131656262313530323565393337316165383132613262306563613834313536626363666665
65326264613665663232336364663737386631313137636166313938373637313764666563356531
38333965366435653734383934663263383438656666383434353963643338346535616338346336
33323134326566613130313337383230303564306137356133633866386431376533343662373964
37356366393766333561383036646363383336323638323163396663633263656337313465386261
34393932303037616637343362626235393761363663646563383330626666306663623037306165
61303334303437333538353832303966663965313339326634373262393339313035623438633264
35323830356335336564373861623333623336373337316239653231306136363232313662633231
32346334643838343136363166366135313538633361343361343962633730363131623536363136
65326338616534313865666661613235313933313730643133643661376661646566373762343463
63613431356164656363343163396361343837636663616664633963323366313236373662393132
39386662336330366165653737636264636265323066666633313130306339363335613833336161
65616162323336313764636139656238373562346338616261306137386237633931656635333464
39613165386362303761613731323239366230303762326363663766343365633734616266316334
34336634356264373834393164383135353930353462323036626437303264636130343237323836
62613733356332373930653834383832326537663835363761633432373037353333373734303766
63633265633963653130306565613362386137393931346533643064326566653236316365653632
65363030376334393138653334663935653866623934313262643230623964653638323239373830
63373664326636636366336331653838626664646366313633343837313862316562316361343063
31336436323962346232393966323132336336663633366536623032623734633530306264316662
64353937373265653732343366353531313364636164663366643264663238633830363732313562
62666437376466366232623761613039346231343432396634323661386538383263376437343166
35663664353830366236633039386537396365333839376131383163333963346662306236376232
61666633396161653231336536343865333431373164396662663063313939613939306163663364
33353538323332386165373864393366343939373031663263343137333265633761396538633434
39356161636338363533316336653766356165383832396364383032646265656332663737386331
32306139626466313831376433343636633961313364333865653034333134333863336163313330
63326435326365303464383261636637626631303832393864363638616562343631326239613431
62363364613161336633623833306131623731623139383935643936643765306135303434656134
32366637656362373761323236616365656331346139373833396438333030633636656666613366
39333839663130643861313861323536363565653765326565373639353830623866313930323965
66386435636134373366306366666365316633376635633331396537333634326637656338306465
66656365393439656432356236303331646231653562633231326233333632613938363866626262
62646632623636363863316662633835393662623037666364396464333664303130316662313533
36383763643736373136646434376138366632613231393461383238336636346631383130653536
61616430366233356636393163393435393738383065343539616235653131636561303064386331
33313234653337633730386339356234376262646635383931386533316661303061303864663635
33333264323530396439323435663835366132313765386233343632363931386332623431366531
62383663626561333362393236383837616335353237323839656264303566626663616431613535
64316165643266326636363361313431353131326635623066353861653764656535616231386230
61656662336364626163383535646164343234646563373663356464376563653433383665333635
36363736616630373331613066326434653530653438343262656361653134366463303965626132
32333338343130306565376439353034366661646434373638303764646238653431326163646131
35646466386461323931303633383262323735343836323233343835373664333064313035366233
36653436313731623935383735663230303631613938373934393930303035323766313838343462
66383566613861343362346330303533643838626163343037326630313063653661346433383637
38326465396563643331343338643735393265613433333936313537333337363737323830653733
65373064333463333163336539643036333935336236386433643338343765343865366230623938
63636233373935323933313632643862663661643762356332626536613233333231
